2.960000000000000000e+03
2.020000000000000000e+03
2.600000000000000000e+02
9.000000000000000000e+02
5.480000000000000000e+03
1.052000000000000000e+04
3.200000000000000000e+02
1.502000000000000000e+04
1.860000000000000000e+03
2.280000000000000000e+03
4.000000000000000000e+03
1.580000000000000000e+03
8.300000000000000000e+03
2.120000000000000000e+04
3.300000000000000000e+03
3.000000000000000000e+02
1.080000000000000000e+03
8.000000000000000000e+01
2.840000000000000000e+03
2.014000000000000000e+04
7.600000000000000000e+02
1.000000000000000000e+02
4.600000000000000000e+02
7.820000000000000000e+03
4.220000000000000000e+03
5.680000000000000000e+03
6.200000000000000000e+02
6.580000000000000000e+03
1.914000000000000000e+04
2.046000000000000000e+04
2.780000000000000000e+03
5.800000000000000000e+02
7.880000000000000000e+03
1.188000000000000000e+04
1.780000000000000000e+03
3.600000000000000000e+03
2.260000000000000000e+03
1.300000000000000000e+03
9.800000000000000000e+02
1.152000000000000000e+04
4.760000000000000000e+03
1.780000000000000000e+03
3.580000000000000000e+03
1.240000000000000000e+03
1.420000000000000000e+03
1.458000000000000000e+04
1.720000000000000000e+04
6.700000000000000000e+03
9.560000000000000000e+03
2.460000000000000000e+03
3.800000000000000000e+02
1.464000000000000000e+04
8.540000000000000000e+03
2.980000000000000000e+03
1.910000000000000000e+04
1.040000000000000000e+03
3.860000000000000000e+03
9.340000000000000000e+03
8.000000000000000000e+01
9.600000000000000000e+02
2.174000000000000000e+04
2.240000000000000000e+03
2.140000000000000000e+03
3.260000000000000000e+03
1.814000000000000000e+04
1.260000000000000000e+03
1.420000000000000000e+03
2.860000000000000000e+03
1.338000000000000000e+04
1.300000000000000000e+03
5.400000000000000000e+03
1.060000000000000000e+03
1.766000000000000000e+04
4.400000000000000000e+03
1.560000000000000000e+04
1.212000000000000000e+04
6.700000000000000000e+03
7.340000000000000000e+03
1.576000000000000000e+04
1.468000000000000000e+04
9.420000000000000000e+03
3.600000000000000000e+02
3.600000000000000000e+02
1.960000000000000000e+03
8.100000000000000000e+03
1.906000000000000000e+04
1.040000000000000000e+03
1.342000000000000000e+04
1.480000000000000000e+03
1.920000000000000000e+03
1.146000000000000000e+04
2.340000000000000000e+03
1.654000000000000000e+04
2.600000000000000000e+02
4.600000000000000000e+02
4.800000000000000000e+02
2.260000000000000000e+03
1.930000000000000000e+04
2.200000000000000000e+04
2.096000000000000000e+04
2.680000000000000000e+03
2.980000000000000000e+03
1.280000000000000000e+04
1.160000000000000000e+03
6.580000000000000000e+03
7.800000000000000000e+03
1.476000000000000000e+04
1.060000000000000000e+03
1.490000000000000000e+04
2.420000000000000000e+03
1.390000000000000000e+04
5.600000000000000000e+02
1.700000000000000000e+03
1.458000000000000000e+04
6.260000000000000000e+03
2.680000000000000000e+03
1.800000000000000000e+03
1.078000000000000000e+04
1.000000000000000000e+02
2.108000000000000000e+04
2.920000000000000000e+03
4.000000000000000000e+02
6.080000000000000000e+03
1.540000000000000000e+03
3.000000000000000000e+02
1.600000000000000000e+02
1.796000000000000000e+04
1.460000000000000000e+03
1.210000000000000000e+04
8.400000000000000000e+02
9.660000000000000000e+03
1.164000000000000000e+04
1.700000000000000000e+04
3.180000000000000000e+03
1.642000000000000000e+04
2.440000000000000000e+03
1.650000000000000000e+04
2.200000000000000000e+04
4.780000000000000000e+03
4.920000000000000000e+03
1.310000000000000000e+04
5.600000000000000000e+02
1.794000000000000000e+04
1.076000000000000000e+04
6.200000000000000000e+02
5.600000000000000000e+02
4.600000000000000000e+02
1.520000000000000000e+03
9.140000000000000000e+03
1.786000000000000000e+04
3.200000000000000000e+02
1.260000000000000000e+03
4.960000000000000000e+03
4.840000000000000000e+03
5.620000000000000000e+03
2.080000000000000000e+03
4.700000000000000000e+03
6.460000000000000000e+03
4.720000000000000000e+03
1.666000000000000000e+04
1.366000000000000000e+04
2.340000000000000000e+03
4.400000000000000000e+02
5.180000000000000000e+03
1.446000000000000000e+04
9.220000000000000000e+03
1.240000000000000000e+04
5.400000000000000000e+03
8.600000000000000000e+02
6.100000000000000000e+03
1.096000000000000000e+04
4.600000000000000000e+02
2.058000000000000000e+04
1.456000000000000000e+04
8.700000000000000000e+03
1.898000000000000000e+04
1.264000000000000000e+04
1.660000000000000000e+04
1.710000000000000000e+04
1.700000000000000000e+03
9.340000000000000000e+03
7.800000000000000000e+02
7.800000000000000000e+02
1.060000000000000000e+03
1.400000000000000000e+03
2.156000000000000000e+04
1.914000000000000000e+04
5.400000000000000000e+02
1.560000000000000000e+03
1.320000000000000000e+03
1.872000000000000000e+04
1.240000000000000000e+03
9.800000000000000000e+02
5.940000000000000000e+03
8.600000000000000000e+02
4.500000000000000000e+03
1.432000000000000000e+04
8.000000000000000000e+01
1.200000000000000000e+03
4.500000000000000000e+03
1.564000000000000000e+04
5.500000000000000000e+03
7.200000000000000000e+03
1.700000000000000000e+04
2.200000000000000000e+04
1.980000000000000000e+03
1.600000000000000000e+02
1.760000000000000000e+04
9.000000000000000000e+02
2.400000000000000000e+02
2.126000000000000000e+04
4.820000000000000000e+03
9.400000000000000000e+02
1.080000000000000000e+03
9.120000000000000000e+03
1.880000000000000000e+04
6.000000000000000000e+01
4.380000000000000000e+03
2.640000000000000000e+03
2.900000000000000000e+03
1.400000000000000000e+02
1.980000000000000000e+03
2.100000000000000000e+03
6.160000000000000000e+03
6.560000000000000000e+03
8.400000000000000000e+02
1.494000000000000000e+04
1.880000000000000000e+03
4.180000000000000000e+03
2.088000000000000000e+04
1.020000000000000000e+03
1.168000000000000000e+04
1.800000000000000000e+03
1.360000000000000000e+03
2.202000000000000000e+04
3.540000000000000000e+03
8.800000000000000000e+02
7.000000000000000000e+02
7.460000000000000000e+03
7.200000000000000000e+02
1.680000000000000000e+03
1.180000000000000000e+04
6.000000000000000000e+01
1.840000000000000000e+03
1.120000000000000000e+03
6.200000000000000000e+03
4.600000000000000000e+02
1.128000000000000000e+04
2.064000000000000000e+04
4.880000000000000000e+03
1.600000000000000000e+02
1.000000000000000000e+03
1.974000000000000000e+04
1.670000000000000000e+04
2.040000000000000000e+03
1.406000000000000000e+04
1.170000000000000000e+04
1.886000000000000000e+04
1.380000000000000000e+03
1.792000000000000000e+04
6.600000000000000000e+02
1.080000000000000000e+03
3.320000000000000000e+03
1.580000000000000000e+03
2.030000000000000000e+04
5.480000000000000000e+03
1.718000000000000000e+04
1.156000000000000000e+04
2.120000000000000000e+03
1.804000000000000000e+04
1.446000000000000000e+04
9.000000000000000000e+03
2.400000000000000000e+03
1.100000000000000000e+03
1.500000000000000000e+03
2.116000000000000000e+04
3.720000000000000000e+03
6.880000000000000000e+03
4.400000000000000000e+02
7.840000000000000000e+03
2.000000000000000000e+02
9.400000000000000000e+03
5.400000000000000000e+03
4.600000000000000000e+02
1.710000000000000000e+04
2.420000000000000000e+03
1.220000000000000000e+03
1.100000000000000000e+03
4.600000000000000000e+02
4.560000000000000000e+03
1.548000000000000000e+04
6.540000000000000000e+03
4.000000000000000000e+02
1.000000000000000000e+02
1.140000000000000000e+03
6.600000000000000000e+02
3.120000000000000000e+03
2.600000000000000000e+02
1.556000000000000000e+04
4.000000000000000000e+02
7.380000000000000000e+03
2.064000000000000000e+04
1.588000000000000000e+04
3.200000000000000000e+03
1.280000000000000000e+04
1.946000000000000000e+04
8.200000000000000000e+02
1.638000000000000000e+04
1.300000000000000000e+03
3.480000000000000000e+03
1.006000000000000000e+04
1.884000000000000000e+04
4.960000000000000000e+03
1.152000000000000000e+04
2.320000000000000000e+03
1.234000000000000000e+04
1.980000000000000000e+03
4.780000000000000000e+03
6.800000000000000000e+02
5.340000000000000000e+03
3.400000000000000000e+02
1.568000000000000000e+04
4.400000000000000000e+02
2.380000000000000000e+03
8.680000000000000000e+03
9.360000000000000000e+03
1.540000000000000000e+03
1.274000000000000000e+04
1.600000000000000000e+03
3.020000000000000000e+03
1.978000000000000000e+04
9.120000000000000000e+03
8.800000000000000000e+02
2.640000000000000000e+03
9.200000000000000000e+03
3.800000000000000000e+02
2.084000000000000000e+04
1.172000000000000000e+04
1.380000000000000000e+03
6.740000000000000000e+03
4.800000000000000000e+02
9.360000000000000000e+03
1.720000000000000000e+03
4.660000000000000000e+03
1.056000000000000000e+04
4.000000000000000000e+03
1.200000000000000000e+02
1.868000000000000000e+04
4.760000000000000000e+03
2.080000000000000000e+03
1.788000000000000000e+04
1.364000000000000000e+04
3.100000000000000000e+03
1.516000000000000000e+04
9.200000000000000000e+02
1.176000000000000000e+04
2.540000000000000000e+03
4.640000000000000000e+03
6.400000000000000000e+02
1.840000000000000000e+03
2.660000000000000000e+03
1.100000000000000000e+03
7.000000000000000000e+02
4.400000000000000000e+02
4.020000000000000000e+03
1.380000000000000000e+03
1.058000000000000000e+04
2.096000000000000000e+04
4.980000000000000000e+03
7.880000000000000000e+03
3.200000000000000000e+02
1.060000000000000000e+03
1.264000000000000000e+04
1.740000000000000000e+03
4.580000000000000000e+03
1.450000000000000000e+04
6.000000000000000000e+01
1.562000000000000000e+04
6.060000000000000000e+03
3.800000000000000000e+02
1.124000000000000000e+04
7.960000000000000000e+03
2.320000000000000000e+03
2.280000000000000000e+03
9.220000000000000000e+03
1.140000000000000000e+03
1.094000000000000000e+04
7.600000000000000000e+02
8.400000000000000000e+02
1.172000000000000000e+04
1.740000000000000000e+03
4.280000000000000000e+03
1.198000000000000000e+04
1.008000000000000000e+04
2.092000000000000000e+04
1.268000000000000000e+04
2.000000000000000000e+02
8.320000000000000000e+03
4.160000000000000000e+03
8.200000000000000000e+02
2.600000000000000000e+02
1.256000000000000000e+04
5.980000000000000000e+03
3.080000000000000000e+03
5.800000000000000000e+02
3.180000000000000000e+03
5.280000000000000000e+03
7.000000000000000000e+02
1.760000000000000000e+04
1.644000000000000000e+04
1.876000000000000000e+04
1.560000000000000000e+03
1.020000000000000000e+03
1.626000000000000000e+04
1.060000000000000000e+03
9.000000000000000000e+02
1.100000000000000000e+03
7.400000000000000000e+02
7.840000000000000000e+03
1.948000000000000000e+04
7.040000000000000000e+03
1.004000000000000000e+04
2.900000000000000000e+03
1.918000000000000000e+04
9.900000000000000000e+03
6.600000000000000000e+02
3.400000000000000000e+03
1.684000000000000000e+04
1.510000000000000000e+04
3.440000000000000000e+03
1.540000000000000000e+04
1.680000000000000000e+03
6.220000000000000000e+03
8.800000000000000000e+02
3.540000000000000000e+03
6.560000000000000000e+03
1.614000000000000000e+04
6.140000000000000000e+03
1.780000000000000000e+03
